id,EAP,HPL,MWS
id02310,0.166800475583,0.0718986035354,0.761300920881
id24541,0.621100038411,0.183797551362,0.195102410227
id00134,0.449437722005,0.473990063754,0.0765722142406
id27757,0.484807794243,0.48130632398,0.0338858817775
id04081,0.758346643767,0.121945315016,0.119708041216
id27337,0.609548433774,0.304903908983,0.0855476572437
id24265,0.493405197746,0.390099769556,0.116495032698
id25917,0.211591521699,0.180006948103,0.608401530198
id04951,0.921362588856,0.061350955526,0.0172864556183
id14549,0.612122204696,0.111985979018,0.275891816286
id22505,0.206787813953,0.193363026851,0.599849159196
id24002,0.0436940235344,0.930592944267,0.0257130321982
id18982,0.445751918618,0.269845003363,0.28440307802
id15181,0.202925257218,0.74060642064,0.0564683221426
id21888,0.516669480235,0.216629380071,0.266701139693
id12035,0.0421435925467,0.0222150074292,0.935641400024
id17991,0.372967862789,0.150646928886,0.476385208325
id10707,0.923662998134,0.0282326099725,0.0481043918933
id07101,0.25504519976,0.21010095052,0.534853849719
id00345,0.48005659475,0.424376611756,0.0955667934937
id05912,0.72103418847,0.110359867053,0.168605944477
id13443,0.8860235936,0.0477756364582,0.0662007699419
id09248,0.157535528794,0.206769842212,0.635694628994
id17542,0.129739113293,0.778637823233,0.0916230634749
id06995,0.355768560748,0.0744936903161,0.569737748936
id25159,0.699465802085,0.0574864603042,0.24304773761
id25729,0.589390309234,0.288966136161,0.121643554604
id26949,0.694164063471,0.142440245549,0.163395690981
id27191,0.494708340882,0.163886911924,0.341404747193
id07668,0.511148158181,0.041858241723,0.446993600096
id02230,0.319820360961,0.322549121412,0.357630517627
id15553,0.92314851503,0.0266799161429,0.050171568827
id25688,0.116320802141,0.773711126041,0.109968071819
id17545,0.784179151538,0.106646976229,0.109173872233
id13929,0.175814967512,0.249276077392,0.574908955097
id12880,0.577667754214,0.199098273201,0.223233972585
id19282,0.540719201667,0.163317257004,0.295963541329
id14690,0.0995782086191,0.0480492796299,0.852372511751
id17975,0.169704099722,0.662404711978,0.1678911883
id08037,0.627604559206,0.0762097066085,0.296185734185
id15412,0.248828282858,0.0942401213485,0.656931595793
id25032,0.411898039192,0.252363407285,0.335738553523
id27165,0.903231382943,0.0340970809771,0.0626715360794
id03327,0.366774232882,0.498653729817,0.134572037302
id18515,0.582644151156,0.11091923955,0.306436609294
id21003,0.384534097215,0.11849339962,0.496972503165
id23855,0.110777554748,0.604539306659,0.284683138593
id20724,0.52158883536,0.19904850287,0.27936266177
id13303,0.512961886615,0.111728950184,0.375309163201
id16521,0.0606005674858,0.207111780939,0.732287651575
id20775,0.844056545432,0.112011930398,0.0439315241695
id13029,0.830854203603,0.052070574645,0.117075221752
id14660,0.663883464988,0.181268968217,0.154847566795
id11028,0.0493736303296,0.0174923015394,0.933134068131
id14180,0.750639500355,0.154434646257,0.0949258533882
id25860,0.937233886036,0.0352027964366,0.0275633175273
id11910,0.481986240002,0.1285379111,0.389475848899
id08065,0.507830635714,0.241066420384,0.251102943902
id22674,0.222402923793,0.0678129811312,0.709784095076
id25018,0.270787701072,0.110970612576,0.618241686352
id10892,0.317469862869,0.568471670153,0.114058466978
id10217,0.347179156927,0.586941986286,0.0658788567867
id12996,0.52269713916,0.209911658579,0.267391202261
id18262,0.445400437323,0.281744249119,0.272855313558
id08606,0.0910808707514,0.839895895114,0.0690232341348
id17233,0.801688411307,0.0577627310396,0.140548857654
id00101,0.647644295851,0.133859496713,0.218496207436
id12225,0.731007160532,0.180687832094,0.0883050073738
id01364,0.366522352783,0.509841879574,0.123635767643
id24973,0.720303799697,0.100642304302,0.179053896002
id25363,0.647153030481,0.0388530745856,0.313993894934
id10061,0.464718332482,0.103456040265,0.431825627253
id17673,0.294762772337,0.554280132437,0.150957095227
id13249,0.693484409334,0.100542628535,0.205972962131
id10107,0.147136644605,0.0608760774363,0.791987277959
id04403,0.665258922056,0.064139736433,0.270601341511
id25728,0.643680030608,0.109725007209,0.246594962183
id16184,0.570770342439,0.181026302779,0.248203354782
id03438,0.0677625141923,0.0152632645895,0.916974221218
id22923,0.163597364775,0.791847776317,0.0445548589073
id08610,0.757715018426,0.0658425716892,0.176442409885
id25355,0.213112221166,0.158239169457,0.628648609378
id16916,0.541889906579,0.317346104449,0.140763988972
id12793,0.323152104958,0.553805579093,0.123042315949
id11859,0.462218978725,0.15227416299,0.385506858284
id02434,0.938560418803,0.028424673914,0.0330149072831
id27703,0.083213251202,0.0559643717926,0.860822377005
id25212,0.268150050673,0.647460882428,0.084389066899
id11308,0.216822727692,0.247502280281,0.535674992026
id26094,0.733614431257,0.130935774244,0.135449794498
id22080,0.709766765752,0.249882403579,0.0403508306687
id03545,0.797893970566,0.160815166925,0.0412908625089
id23725,0.153901260747,0.153387009828,0.692711729425
id12009,0.616408281261,0.240361101792,0.143230616947
id24241,0.402772513944,0.197362015376,0.39986547068
id03596,0.233319037305,0.672174054409,0.0945069082852
id10749,0.46338559437,0.289329068872,0.247285336758
id22794,0.152075050534,0.141737620875,0.706187328591
id15482,0.443025843314,0.274247431513,0.282726725173
id04833,0.495016710126,0.323339705801,0.181643584073
id00397,0.270581449071,0.0217211687602,0.707697382169
id14691,0.163746272887,0.0705626836996,0.765691043413
id05193,0.200104097711,0.0715668240416,0.728329078247
id19541,0.566152562443,0.112547423115,0.321300014442
id22166,0.0817711728118,0.0500615568412,0.868167270347
id20744,0.186773571215,0.048407924907,0.764818503878
id10392,0.0886054044459,0.0440010711599,0.867393524394
id00770,0.69730956854,0.167906592988,0.134783838472
id06018,0.274465689481,0.591962312248,0.133571998271
id15678,0.319001383721,0.040317871455,0.640680744824
id08305,0.741140185785,0.184043481548,0.0748163326662
id08903,0.339951905578,0.213541028755,0.446507065668
id14752,0.486985907541,0.382875439159,0.1301386533
id12468,0.322942069133,0.605017946582,0.0720399842851
id05085,0.488581359421,0.346779318009,0.16463932257
id21993,0.330292260435,0.0670881611091,0.602619578455
id15503,0.624184802115,0.315045881752,0.0607693161328
id03021,0.0547932574144,0.857915125603,0.087291616983
id16123,0.953949256089,0.0276433227161,0.018407421195
id19383,0.770875174706,0.11101357124,0.118111254054
id04186,0.928558176064,0.0368433307129,0.034598493223
id17954,0.137725256315,0.0225883653587,0.839686378326
id12030,0.327314570597,0.0909716111677,0.581713818236
id13020,0.587929909059,0.335644327696,0.076425763245
id25327,0.169322214935,0.304157203469,0.526520581596
id16344,0.263703846842,0.163672989048,0.572623164109
id12303,0.377099382237,0.336173166819,0.286727450944
id15017,0.714915095927,0.201983927447,0.0831009766259
id22308,0.39378442772,0.136130879072,0.470084693208
id06536,0.123633635426,0.0873900166184,0.788976347956
id19797,0.30271438923,0.383585017952,0.313700592818
id06332,0.458013078229,0.308979553662,0.233007368109
id22941,0.512763404331,0.171133068879,0.31610352679
id13547,0.203834156958,0.148392205686,0.647773637357
id06928,0.132515995346,0.0128327632843,0.85465124137
id12521,0.621205856762,0.272409272966,0.106384870272
id25716,0.507620723196,0.161604291919,0.330774984885
id27116,0.0108436235254,0.00398732138269,0.985169055092
id19941,0.159924140581,0.67026823765,0.169807621769
id05711,0.039451159996,0.0490529652951,0.911495874709
id02097,0.0705456825115,0.100039838546,0.829414478942
id03563,0.185239470081,0.726530365108,0.0882301648119
id02295,0.339880853609,0.360962475347,0.299156671044
id08179,0.944428265082,0.0290306251334,0.0265411097844
id05332,0.105032053585,0.764080425753,0.130887520662
id15697,0.423174506845,0.228123996134,0.348701497021
id17026,0.198219389529,0.124855053775,0.676925556696
id04243,0.588285452345,0.234572482163,0.177142065492
id13175,0.949717830871,0.030263319271,0.0200188498583
id05387,0.636806613521,0.1081067345,0.25508665198
id19989,0.605720847787,0.185886840917,0.208392311295
id25173,0.550056498439,0.148614961783,0.301328539778
id08925,0.246318514111,0.665666915645,0.0880145702439
id03034,0.1371568138,0.676171568093,0.186671618106
id13272,0.124430963537,0.753036363867,0.122532672596
id07956,0.687990835565,0.123161505911,0.188847658524
id02648,0.110655299658,0.0148565956071,0.874488104735
id01778,0.264813694875,0.0258489857942,0.709337319331
id12846,0.12464572978,0.0213672075172,0.853987062703
id19001,0.440537232923,0.120266499579,0.439196267498
id05763,0.738400014324,0.0900459531194,0.171554032556
id15590,0.0978951469889,0.0405574599755,0.861547393036
id04912,0.551013756951,0.202200647387,0.246785595662
id21201,0.677665115395,0.152047345374,0.170287539231
id13215,0.848124419987,0.0658269697128,0.0860486103001
id15612,0.326400039404,0.515127766638,0.158472193958
id18501,0.193021861985,0.157381640918,0.649596497097
id07223,0.364135270957,0.453967505078,0.181897223965
id06707,0.597638204446,0.190685819737,0.211675975817
id05238,0.0810050399999,0.849182104498,0.0698128555022
id00935,0.186365216722,0.105152020125,0.708482763153
id00110,0.507051656354,0.128168251617,0.364780092028
id17476,0.840288372977,0.0788397036048,0.0808719234187
id15170,0.802551209779,0.0892114685411,0.10823732168
id13397,0.376255694722,0.126982154318,0.49676215096
id24283,0.501401928094,0.200274256053,0.298323815853
id15234,0.818322291038,0.128572552439,0.0531051565236
id16884,0.46901137908,0.196242622524,0.334745998396
id07831,0.401812444871,0.369761616009,0.22842593912
id16038,0.762320192248,0.144845687135,0.092834120617
id03629,0.530659562648,0.174456646302,0.29488379105
id21019,0.584231184765,0.166924352848,0.248844462387
id21835,0.516336049159,0.167765479174,0.315898471667
id04480,0.198153047427,0.753630572761,0.0482163798118
id20838,0.590761141204,0.280350475285,0.128888383511
id24195,0.392972870511,0.291488709805,0.315538419684
id05448,0.671198220791,0.198372428446,0.130429350763
id15957,0.158884738182,0.689884401816,0.151230860002
id19956,0.065883287461,0.0107056917779,0.923411020761
id15104,0.214537594428,0.175788373177,0.609674032396
id17559,0.494581455094,0.293508422431,0.211910122475
id16839,0.503620305272,0.233549251663,0.262830443065
id14493,0.530039926134,0.0802399940742,0.389720079792
id08833,0.526926420909,0.138758798009,0.334314781082
id15723,0.217099731332,0.224941683442,0.557958585226
id02716,0.844417611241,0.081082989226,0.0744993995331
id06689,0.17085377893,0.724032500804,0.105113720266
id18837,0.417454984199,0.194639627453,0.387905388349
id04466,0.751878744648,0.132655766784,0.115465488567
id00686,0.722568516915,0.0859919858154,0.19143949727
id09010,0.383230714865,0.538815028853,0.0779542562815
id23353,0.608704823588,0.202889363782,0.18840581263
id00066,0.670617721849,0.118799946782,0.210582331369
id15724,0.220368707424,0.520473462653,0.259157829923
id23486,0.237946935065,0.0523907416958,0.709662323239
id22258,0.20215227704,0.0767235341289,0.721124188831
id02292,0.504117910857,0.281051220448,0.214830868695
id16356,0.297055725119,0.0501093567238,0.652834918158
id00235,0.848607880772,0.0284167073741,0.122975411854
id25522,0.218947877619,0.0480270845513,0.73302503783
id04204,0.132910155127,0.71852915437,0.148560690503
id22016,0.448236527955,0.173435498006,0.378327974038
id06480,0.240727874322,0.602847356345,0.156424769333
id08718,0.296434870844,0.118035790836,0.58552933832
id05251,0.149875284922,0.752027247039,0.0980974680386
id03359,0.681939711469,0.121279095566,0.196781192965
id16117,0.235808565809,0.0458835705236,0.718307863668
id17000,0.169625294832,0.784780834525,0.0455938706436
id01730,0.45267782361,0.387683384003,0.159638792387
id00630,0.438208283144,0.385677557509,0.176114159347
id18175,0.193606495831,0.0481931222733,0.758200381895
id00907,0.685515068646,0.150220237627,0.164264693727
id18251,0.23663598582,0.708599256947,0.054764757233
id25861,0.552603147987,0.183769720336,0.263627131677
id00398,0.60720993919,0.154466652943,0.238323407867
id27573,0.898143389133,0.0155369754107,0.0863196354565
id10022,0.146472099615,0.65557752161,0.197950378774
id15901,0.239980562347,0.031379425495,0.728640012158
id00451,0.263356608469,0.14827173868,0.588371652851
id23129,0.318546341728,0.405566681293,0.27588697698
id26498,0.454098359366,0.290577700607,0.255323940027
id14741,0.370889031828,0.200932923263,0.428178044909
id18453,0.35957986838,0.093220259477,0.547199872143
id08309,0.745971463005,0.0838608903381,0.170167646656
id00320,0.802636439583,0.0667886875922,0.130574872825
id07688,0.265494133994,0.118152839949,0.616353026056
id01556,0.21777509635,0.0463107770346,0.735914126615
id00178,0.57392610904,0.0948173438446,0.331256547115
id18902,0.205805523573,0.0683611221579,0.725833354269
id27002,0.650208195322,0.183218275122,0.166573529555
id21418,0.912359792063,0.0615382860049,0.0261019219323
id23018,0.450191713056,0.188449613974,0.361358672971
id07032,0.405828391239,0.293443924693,0.300727684069
id16195,0.761797659941,0.0622872319871,0.175915108072
id11202,0.293441551779,0.514246564299,0.192311883922
id09578,0.458630778063,0.147029216895,0.394340005043
id26984,0.653888277164,0.0687864504479,0.277325272389
id19856,0.173651151386,0.701088326952,0.125260521662
id12086,0.538923912223,0.161104868938,0.299971218839
id12052,0.140604126006,0.192696104667,0.666699769327
id17728,0.180223210925,0.0421421595189,0.777634629556
id24608,0.680778622325,0.121137775368,0.198083602307
id21097,0.373675218829,0.127386671692,0.498938109479
id20179,0.0744010084225,0.0196457156574,0.90595327592
id15144,0.3659747188,0.469172022825,0.164853258376
id00206,0.686291628296,0.167295370992,0.146413000712
id22285,0.0686079798005,0.0163473687592,0.91504465144
id06417,0.225472930151,0.446875915604,0.327651154245
id00215,0.204151940411,0.73408860459,0.0617594549987
id04201,0.252430864549,0.0977194884773,0.649849646974
id21771,0.790568922207,0.127667120733,0.0817639570598
id12451,0.20245200054,0.320982647002,0.476565352458
id14250,0.21646234855,0.504094462171,0.27944318928
id03433,0.171634450819,0.766251106216,0.0621144429654
id03303,0.204200553883,0.0822202361627,0.713579209954
id25901,0.434098359421,0.33149699448,0.2344046461
id06945,0.725023247603,0.0468360379549,0.228140714442
id05664,0.344678413989,0.386058944709,0.269262641302
id05741,0.905160604359,0.0234367420299,0.0714026536115
id10652,0.493694161085,0.243449099368,0.262856739547
id16300,0.809879285909,0.0612022837458,0.128918430345
id12319,0.434667366849,0.249241774702,0.316090858449
id07500,0.179677889657,0.783939264619,0.036382845724
id12478,0.27877614564,0.358588353406,0.362635500955
id03076,0.225755833788,0.0526832515682,0.721560914644
id00969,0.260430707193,0.60421790369,0.135351389117
id23636,0.253803166847,0.415738844026,0.330457989127
id09791,0.193482142577,0.137881509227,0.668636348195
id05680,0.31126283541,0.263697907483,0.425039257107
id03672,0.390290241554,0.460797822472,0.148911935974
id04286,0.173478850669,0.555969614449,0.270551534882
id23883,0.112487604222,0.340392255654,0.547120140125
id11914,0.569674669035,0.0826203072604,0.347705023704
id20974,0.433708255544,0.4041802958,0.162111448656
id26125,0.14731282424,0.19213686213,0.66055031363
id15543,0.373909040305,0.145474696011,0.480616263684
id19471,0.833523876094,0.0555583752474,0.110917748659
id11503,0.66955714353,0.207052431084,0.123390425386
id09321,0.148988530435,0.598454306039,0.252557163526
id25560,0.0237442172188,0.0217743695255,0.954481413256
id06726,0.351820300594,0.294419625141,0.353760074265
id05709,0.799731413401,0.0914371436857,0.108831442913
id09788,0.310053630275,0.368053892019,0.321892477706
id05289,0.929157988244,0.0382398115656,0.0326022001904
id11815,0.136309146772,0.759796586083,0.103894267145
id22422,0.499649670183,0.255546501301,0.244803828517
id25954,0.600578790656,0.0847178415205,0.314703367824
id13601,0.427794804401,0.395091611127,0.177113584472
id05677,0.608583810231,0.0330724953518,0.358343694417
id10498,0.303380674817,0.636988305874,0.0596310193094
id02665,0.431670932014,0.363410067206,0.20491900078
id10114,0.176903707608,0.555555019584,0.267541272808
id26314,0.706842427729,0.185892172013,0.107265400259
id21240,0.609698384499,0.100918437486,0.289383178015
id15569,0.676403728679,0.220996838409,0.102599432911
id25928,0.213806188808,0.194179888575,0.592013922617
id22706,0.330217196911,0.567101751974,0.102681051116
id20877,0.161797304801,0.718263556707,0.119939138492
id04318,0.615347833202,0.141641240068,0.243010926731
id18299,0.155823357209,0.741281573928,0.102895068863
id08126,0.272571013557,0.0445244846361,0.682904501807
id14293,0.481670492111,0.0614335730872,0.456895934801
id12759,0.899521175614,0.04928350288,0.0511953215063
id11983,0.420910697042,0.100494055034,0.478595247924
id05580,0.276785190761,0.514318610168,0.208896199071
id25846,0.408514068136,0.306970231434,0.28451570043
id01939,0.438679809232,0.114816742172,0.446503448596
id26327,0.20405872495,0.425789234356,0.370152040694
id11068,0.197082236462,0.083881928948,0.71903583459
id08404,0.700883743577,0.056525133218,0.242591123205
id27189,0.628157126384,0.264371388796,0.10747148482
id15119,0.338643229424,0.466611022494,0.194745748082
id26525,0.692244625392,0.0955609113664,0.212194463241
id03618,0.650355078812,0.190461523694,0.159183397494
id27220,0.876758981101,0.0549185000335,0.0683225188655
id18777,0.25965437531,0.0977234339719,0.642622190718
id20213,0.604262291856,0.224961637227,0.170776070917
id20403,0.676571826217,0.179335408971,0.144092764813
id03777,0.203910529126,0.170690374576,0.625399096298
id10595,0.16068996574,0.660831981499,0.17847805276
id13816,0.323305528054,0.0469599944223,0.629734477523
id05667,0.316878308617,0.115129639514,0.56799205187
id24629,0.411515672604,0.118383119918,0.470101207478
id20398,0.30202617328,0.306303212317,0.391670614403
id14108,0.143324936006,0.0710722260431,0.785602837951
id06196,0.162077935008,0.78484141982,0.0530806451726
id02800,0.385565080785,0.431509889055,0.18292503016
id18732,0.135887256307,0.782926765679,0.0811859780141
id11915,0.251942611021,0.602501663165,0.145555725814
id09739,0.681473106267,0.15856490468,0.159961989053
id24672,0.857866906197,0.0800761801477,0.0620569136553
id00414,0.123538606904,0.165968745121,0.710492647975
id16307,0.734077879372,0.126426632827,0.139495487801
id14043,0.336079623485,0.149781412137,0.514138964378
id00517,0.0151419728323,0.0120717506078,0.97278627656
id09744,0.786228923023,0.146170776846,0.0676003001311
id19257,0.772720193024,0.0868334722723,0.140446334703
id15437,0.608781133294,0.254205145938,0.137013720768
id16352,0.21712076294,0.129067375006,0.653811862054
id18849,0.498294540498,0.159157231953,0.342548227549
id19434,0.0489609602921,0.877062904355,0.0739761353533
id17928,0.357491217321,0.0876121534842,0.554896629194
id16896,0.195377358702,0.0376538633641,0.766968777934
id02135,0.396379221866,0.285850795254,0.31776998288
id15075,0.791550235275,0.116278115377,0.0921716493483
id27486,0.117273650874,0.783044873699,0.0996814754273
id19422,0.669817007701,0.187442398413,0.142740593885
id09603,0.197076399164,0.639716051296,0.163207549539
id02133,0.488613288037,0.398570211584,0.112816500379
id03441,0.609278566432,0.0951272718537,0.295594161715
id02398,0.25723265882,0.677591858039,0.0651754831409
id05152,0.369613915567,0.0750053673124,0.555380717121
id17838,0.288395622992,0.0658207950967,0.645783581911
id25060,0.769893792601,0.175290980517,0.0548152268811
id09998,0.147709852491,0.14455329512,0.707736852389
id01828,0.226799027101,0.604903863084,0.168297109815
id25377,0.398899012487,0.1129072949,0.488193692613
id22175,0.227184579097,0.700526198424,0.0722892224791
id02974,0.305851988224,0.0977635653621,0.596384446414
id26955,0.896108324083,0.0755482423306,0.0283434335862
id21091,0.82050981996,0.0981968348565,0.0812933451836
id12802,0.802843526567,0.106679593596,0.0904768798378
id07432,0.0527466710543,0.897544372999,0.049708955947
id18749,0.421042149926,0.247393503525,0.331564346549
id15030,0.130025255864,0.160064127839,0.709910616297
id17155,0.355141839839,0.463270309206,0.181587850955
id08128,0.13032560426,0.601691358222,0.267983037518
id25706,0.0303705550231,0.817047301685,0.152582143291
id15645,0.579565336096,0.191890224198,0.228544439707
id04943,0.542797549673,0.2187229389,0.238479511427
id27566,0.204257996158,0.117806829689,0.677935174154
id11765,0.361882663251,0.263180882579,0.374936454171
id13783,0.278750710781,0.499531413267,0.221717875952
id00492,0.152631307788,0.126891687664,0.720477004548
id27636,0.168005772187,0.112933380505,0.719060847308
id04273,0.737262624247,0.141707344744,0.121030031009
id02537,0.253266916296,0.304965313514,0.44176777019
id24349,0.653392121385,0.251307081369,0.0953007972462
id00023,0.0790037770467,0.735111942221,0.185884280732
id23025,0.356126850961,0.527396764217,0.116476384822
id08722,0.528584569922,0.20618050709,0.265234922988
id02420,0.882579721233,0.0707812859085,0.0466389928582
id10811,0.750698026463,0.0855409076638,0.163761065873
id04019,0.139535929545,0.172918587365,0.68754548309
id18334,0.818341836603,0.109634001089,0.0720241623079
id16781,0.43159327247,0.429611061078,0.138795666451
id08773,0.451561455736,0.466137707791,0.0823008364732
id19214,0.432074494651,0.333614083711,0.234311421638
id09589,0.0586002585772,0.778387580049,0.163012161374
id24246,0.695150809515,0.120196772476,0.184652418009
id23577,0.703247814513,0.251571877565,0.0451803079219
id09305,0.696970019475,0.1028620894,0.200167891125
id16460,0.544574735798,0.137081058544,0.318344205658
id21115,0.466356722327,0.224244683421,0.309398594253
id25996,0.443496264221,0.135352228535,0.421151507244
id02551,0.0581981819952,0.0924089821621,0.849392835843
id19352,0.126059026635,0.0192998415961,0.854641131769
id03806,0.273182642098,0.0559176587809,0.670899699122
id26544,0.595109719888,0.167276585597,0.237613694515
id18761,0.86464667112,0.0417303900418,0.0936229388378
id24148,0.500491760716,0.397563143435,0.101945095848
id16095,0.241380798996,0.61853330792,0.140085893084
id18442,0.543871631009,0.168467784713,0.287660584278
id22596,0.0227768801917,0.00540464364093,0.971818476167
id23002,0.116322065866,0.086728592488,0.796949341646
id04797,0.881815949776,0.0569249258425,0.0612591243818
id06610,0.334871221731,0.0872732448317,0.577855533437
id16173,0.450420831596,0.369425186942,0.180153981462
id18292,0.375444946706,0.134987202103,0.489567851191
id27328,0.849946535883,0.0440000202614,0.106053443855
id01695,0.352629781819,0.543660659446,0.103709558735
id05761,0.575654653128,0.0836970085258,0.340648338346
id16354,0.831796364235,0.0662977699349,0.10190586583
id12207,0.25522589695,0.372912104594,0.371861998456
id05665,0.36241117504,0.0513394071009,0.586249417859
id01911,0.639882530034,0.260712652933,0.0994048170329
id19153,0.125660496318,0.0610822385752,0.813257265107
id10295,0.479933418922,0.26345217863,0.256614402448
id23038,0.554061648706,0.245798532432,0.200139818862
id23783,0.470808182238,0.483688310095,0.0455035076668
id27879,0.762053122636,0.137132075296,0.100814802068
id19190,0.169022216453,0.761506588355,0.0694711951913
id05065,0.81586890042,0.098536147928,0.0855949516517
id21296,0.249423517426,0.588607017106,0.161969465468
id13262,0.345547153028,0.221961654146,0.432491192825
id10333,0.638216846162,0.0956507150954,0.266132438743
id16677,0.234228598945,0.24461572342,0.521155677635
id01392,0.41173539103,0.109471898649,0.47879271032
id27874,0.715446756729,0.166978449974,0.117574793298
id02294,0.0507034057352,0.843595847982,0.105700746282
id18298,0.106691845003,0.119287077842,0.774021077154
id06997,0.761225918031,0.0926963338175,0.146077748152
id05243,0.440860941657,0.304867444834,0.25427161351
id00860,0.135456465463,0.681845385926,0.182698148611
id26681,0.870250681253,0.0742667580896,0.0554825606579
id06020,0.0664114142899,0.00945326220883,0.924135323501
id27683,0.534530774458,0.173470370474,0.291998855068
id17655,0.130543099363,0.840394563118,0.0290623375192
id08817,0.226605700114,0.125218503115,0.648175796771
id11512,0.0735133007096,0.102491379397,0.823995319894
id00478,0.235495833135,0.120934898952,0.643569267913
id02116,0.64350245229,0.104805791067,0.251691756643
id06746,0.808848069384,0.11382479526,0.0773271353558
id03863,0.587393589315,0.288797067059,0.123809343626
id01802,0.327230148903,0.493108823854,0.179661027243
id11682,0.659037074773,0.0470445698789,0.293918355348
id04033,0.167739689313,0.606541441602,0.225718869085
id09286,0.297572309813,0.313432311475,0.388995378712
id12904,0.905543276599,0.054473830735,0.0399828926665
id07420,0.143435273817,0.0442912107096,0.812273515473
id22398,0.0430950095335,0.923537290947,0.0333676995199
id00424,0.284687892839,0.081060018826,0.634252088335
id20960,0.655763677212,0.188076379016,0.156159943771
id10267,0.585427964524,0.276265599825,0.138306435651
id19330,0.475090878279,0.0588708440893,0.466038277632
id00994,0.186779591121,0.734375594686,0.0788448141922
id10785,0.616491761005,0.134534682572,0.248973556423
id00955,0.133192868068,0.759125719387,0.107681412545
id09757,0.095855162476,0.864666263217,0.0394785743073
id10030,0.216920122398,0.0853002898148,0.697779587787
id22952,0.21419819076,0.201957518839,0.583844290402
id21955,0.0408530133355,0.0470447588126,0.912102227852
id07674,0.41565097973,0.262424688959,0.321924331312
id13760,0.271823177877,0.662114255758,0.0660625663643
id18166,0.716412481848,0.0665540391487,0.217033479003
id23498,0.768574821921,0.188718862712,0.0427063153664
id05296,0.699726523651,0.07354101653,0.226732459819
id26709,0.764892572722,0.0914387329641,0.143668694314
id02853,0.833306431972,0.101002526748,0.0656910412798
id06800,0.374477726368,0.244883549817,0.380638723816
id14758,0.294178849611,0.443905087655,0.261916062734
id12356,0.777201851602,0.142892448105,0.079905700293
id21492,0.57929096087,0.201902862894,0.218806176236
id27540,0.393966472022,0.0395479792664,0.566485548712
id07376,0.362394831648,0.388358372845,0.249246795507
id15201,0.641640038995,0.228190858891,0.130169102114
id23388,0.334286579654,0.534670637039,0.131042783308
id13923,0.21864919319,0.662183573148,0.119167233663
id00794,0.0991108482815,0.828915004735,0.0719741469833
id23910,0.428356632991,0.187938775066,0.383704591943
id02556,0.171824162672,0.226717256017,0.601458581311
id22151,0.0761287759644,0.880508518961,0.0433627050741
id11698,0.359148383744,0.35745523959,0.283396376666
id11627,0.373348372786,0.188536609796,0.438115017418
id06340,0.86997479279,0.068119758359,0.061905448851
id05123,0.682831868228,0.136752720734,0.180415411038
id26620,0.0742449734867,0.056332539265,0.869422487248
id04002,0.200381415149,0.228432507189,0.571186077662
id26554,0.397949539003,0.333558350393,0.268492110603
id18012,0.28296408331,0.211451539024,0.505584377666
id12964,0.236647912268,0.124652091913,0.638699995819
id18965,0.179480126633,0.48531357524,0.335206298127
id19082,0.240677133517,0.100764464205,0.658558402277
id26742,0.153096648982,0.0461147036044,0.800788647414
id15442,0.323504340743,0.488540193775,0.187955465481
id16647,0.436484527958,0.21749811127,0.346017360772
id11544,0.325375290981,0.0922230924693,0.58240161655
id20581,0.315260669971,0.283777742078,0.400961587951
id13192,0.481395876121,0.236846180761,0.281757943118
id15814,0.366040276368,0.272950203611,0.361009520021
id26279,0.225869947387,0.693400428329,0.0807296242836
id00240,0.802354011789,0.0778852515288,0.119760736682
id22836,0.887496018509,0.0439737384434,0.0685302430476
id15085,0.333516106769,0.26534410392,0.401139789312
id17495,0.374024873193,0.0866904461364,0.53928468067
id26762,0.324073574129,0.340482118431,0.33544430744
id13685,0.787783802559,0.017240021982,0.194976175459
id16560,0.140449817326,0.814616879906,0.0449333027684
id17184,0.0803122430295,0.840642092175,0.0790456647953
id21635,0.896244659919,0.043644891978,0.0601104481032
id26751,0.339092728892,0.487653668441,0.173253602667
id12351,0.794188064233,0.0674624446824,0.138349491085
id14872,0.542140246295,0.239718559488,0.218141194217
id18372,0.740724674437,0.165922352964,0.0933529725991
id26851,0.673447282418,0.171370841993,0.155181875589
id22659,0.656568491007,0.28675540051,0.056676108483
id04102,0.127957560604,0.0227536009857,0.849288838411
id02353,0.211701068799,0.66334544444,0.124953486762
id26721,0.866481197108,0.0855545238728,0.0479642790188
id11171,0.557390339746,0.172495862714,0.27011379754
id13562,0.323915814297,0.435967000347,0.240117185356
id26425,0.673851199636,0.0970897181439,0.22905908222
id26394,0.399627487867,0.210352717813,0.39001979432
id22187,0.312722527588,0.502428236861,0.184849235551
id00422,0.88616787426,0.0257195521688,0.0881125735712
id22667,0.0680716593848,0.915038238132,0.0168901024829
id00911,0.494018262986,0.32571949429,0.180262242724
id17291,0.450619428716,0.0990742053006,0.450306365983
id01915,0.388628397789,0.196857915708,0.414513686504
id01434,0.144475309298,0.0799729596835,0.775551731018
id01584,0.47137182668,0.148537709534,0.380090463785
id09266,0.851252341373,0.0631028869219,0.0856447717048
id17494,0.122897646238,0.803117555992,0.0739847977701
id24919,0.246134649114,0.316962873336,0.43690247755
id21043,0.319336566379,0.0103342546449,0.670329178976
id17796,0.187988331692,0.719790550878,0.0922211174295
id02166,0.308683252347,0.102959509268,0.588357238385
id17503,0.78668930919,0.0549267637323,0.158383927078
id21203,0.433672688738,0.212438749801,0.35388856146
id25626,0.945003319583,0.0179354595302,0.0370612208872
id09836,0.894645399509,0.0631787188503,0.0421758816409
id24202,0.183779195379,0.264012637666,0.552208166955
id27260,0.385142464599,0.166595640545,0.448261894856
id23167,0.16720815925,0.0439449170968,0.788846923654
id10393,0.0906523257956,0.857956157757,0.0513915164478
id01171,0.724797484915,0.20294546023,0.0722570548546
id06380,0.730731877499,0.147155567757,0.122112554744
id22686,0.297196678238,0.062427370738,0.640375951024
id26250,0.240534904048,0.0908669216148,0.668598174338
id09315,0.418868261547,0.366795038243,0.214336700209
id00886,0.217678429342,0.502306191927,0.28001537873
id03101,0.573965417744,0.209912959409,0.216121622847
id12367,0.575548349816,0.13845272998,0.285998920205
id10770,0.562305611876,0.151459596113,0.286234792011
id14949,0.224752885122,0.683590754709,0.0916563601687
id14141,0.249094641219,0.617308898013,0.133596460768
id25417,0.417535374324,0.372657559639,0.209807066037
id26873,0.469114721874,0.156961316086,0.37392396204
id10818,0.325335306769,0.107655435998,0.567009257233
id15146,0.730971219941,0.094263898569,0.17476488149
id23328,0.51741527946,0.245236944361,0.23734777618
id16765,0.461579218683,0.294785199672,0.243635581644
id24383,0.764301168954,0.0596517759391,0.176047055107
id21304,0.508983322038,0.201514413815,0.289502264146
id12551,0.198842649761,0.704373295159,0.0967840550796
id23274,0.261479760217,0.227118307914,0.511401931869
id08117,0.497593587376,0.120338278228,0.382068134396
id23961,0.761505514114,0.127994707072,0.110499778815
id13865,0.228567672491,0.567919336415,0.203512991094
id22807,0.477811589594,0.093790967431,0.428397442975
id08951,0.340082759933,0.166642195343,0.493275044724
id18684,0.892795379631,0.0714256819654,0.0357789384039
id25179,0.280214908891,0.35753680863,0.362248282479
id27033,0.64147995864,0.106315119106,0.252204922253
id13977,0.319222149304,0.407649825235,0.273128025461
id19337,0.125186443655,0.650161609762,0.224651946583
id25764,0.214702965174,0.632278159546,0.153018875281
id16106,0.296727033706,0.174175183318,0.529097782976
id05468,0.109514634087,0.036147414434,0.854337951479
id05241,0.717722855255,0.0676305621128,0.214646582632
id10215,0.371514169859,0.388417163193,0.240068666947
id23457,0.161853933726,0.0984394639344,0.73970660234
id02200,0.850067667072,0.0629347549126,0.0869975780156
id13714,0.41685182973,0.368713977626,0.214434192644
id20332,0.0490064605239,0.02952702347,0.921466516006
id18573,0.258996922747,0.158584918886,0.582418158367
id08569,0.713010736992,0.0534877226396,0.233501540369
id22767,0.555234194908,0.257639946878,0.187125858214
id25390,0.347411080744,0.471211427644,0.181377491612
id09288,0.813251107296,0.078569772154,0.10817912055
id12381,0.853826528734,0.0613038038699,0.0848696673966
id02895,0.298867690801,0.238120195094,0.463012114104
id25270,0.103668713672,0.0205676009705,0.875763685357
id14248,0.400485092658,0.228173940885,0.371340966458
id12831,0.645538888836,0.0633400395105,0.291121071654
id18305,0.526203122416,0.120671468161,0.353125409423
id07805,0.7920220551,0.117015278083,0.0909626668166
id14027,0.404595768557,0.172075661953,0.423328569489
id02760,0.384743100127,0.279119395801,0.336137504072
id24362,0.828454137192,0.0766370046751,0.0949088581327
id17065,0.410688075003,0.48788995378,0.101421971217
id26583,0.108934821811,0.309276990721,0.581788187468
id19664,0.803500844778,0.119325692307,0.0771734629152
id25145,0.723498646929,0.0954089457239,0.181092407347
id17858,0.218613018701,0.716486704841,0.0649002764578
id05148,0.308862452111,0.355166471432,0.335971076457
id22928,0.575627887211,0.219840172346,0.204531940443
id21549,0.41900314485,0.0254216775244,0.555575177626
id12649,0.320548069982,0.617363651444,0.0620882785746
id21597,0.540223442855,0.164913333336,0.294863223809
id27945,0.71237795834,0.135978106314,0.151643935346
id00243,0.896733383919,0.0361438499511,0.0671227661296
id02745,0.544052708364,0.0750760867452,0.380871204891
id23550,0.116410716725,0.032571776479,0.851017506796
id13023,0.226976346225,0.0175315431392,0.755492110636
id24796,0.240706072212,0.0822349125209,0.677059015267
id12284,0.339140054145,0.513598892309,0.147261053546
id02664,0.0204121975565,0.906770905002,0.0728168974417
id23767,0.716666983532,0.160573752258,0.122759264209
id05859,0.209462803886,0.51452618037,0.276011015745
id14350,0.406954081025,0.25881100206,0.334234916915
id01191,0.482783776982,0.298739054437,0.218477168581
id17034,0.385109943158,0.132204120262,0.48268593658
id25292,0.749897636541,0.131159618073,0.118942745386
id22121,0.95268915245,0.0315041699188,0.0158066776307
id20872,0.923244249307,0.0369415243581,0.0398142263349
id17720,0.378464711288,0.497006324938,0.124528963775
id22658,0.309232165916,0.617788472151,0.0729793619332
id09567,0.388261225378,0.433496066571,0.17824270805
id16445,0.68835934228,0.190129102763,0.121511554957
id08349,0.357633223581,0.320717678266,0.321649098153
id27437,0.320921783639,0.440763920413,0.238314295948
id03812,0.894233196219,0.0430888764021,0.0626779273791
id22304,0.660845695293,0.21203908117,0.127115223537
id04449,0.417417231503,0.297001164175,0.285581604322
id15605,0.634908874534,0.0940819469461,0.27100917852
id01768,0.493996799732,0.176094555187,0.329908645081
id20019,0.347004452307,0.460025997458,0.192969550235
id09593,0.198861311716,0.497765230555,0.30337345773
id23179,0.457984534233,0.0793857160864,0.46262974968
id21279,0.813604948271,0.11553114863,0.0708639030991
id06711,0.229365805047,0.0823549514483,0.688279243505
id14243,0.0923099074763,0.842877858744,0.0648122337797
id04839,0.0524703225546,0.0720436589336,0.875486018512
id17220,0.0458787607587,0.798427824323,0.155693414918
id24177,0.359049347694,0.343491602427,0.297459049879
id20512,0.143649070057,0.0805753194505,0.775775610492
id14036,0.215928179148,0.716399325199,0.0676724956537
id25001,0.158070553739,0.104377016571,0.73755242969
id06175,0.0788376992342,0.812731957145,0.108430343621
id24720,0.407211840776,0.402763541059,0.190024618165
id08070,0.571668880494,0.271385172003,0.156945947503
id18934,0.707115277059,0.164404624799,0.128480098143
id01338,0.654055254032,0.0659469400903,0.279997805878
id19008,0.164516651694,0.644054563281,0.191428785024
id19632,0.232139813702,0.391399419968,0.37646076633
id26224,0.101087513678,0.0615442051933,0.837368281129
id08219,0.583257987923,0.0758376470972,0.34090436498
id24008,0.0497416105199,0.0339725854318,0.916285804048
id12475,0.516445591416,0.275483414272,0.208070994312
id05766,0.227863314771,0.246162465615,0.525974219614
id27386,0.0884953832811,0.824504217886,0.0870003988333
id12476,0.0892468122884,0.819268393952,0.0914847937592
id08311,0.453704524657,0.330899580539,0.215395894804
id04996,0.698939989613,0.220648688388,0.0804113219991
id17350,0.298097701234,0.568396260995,0.133506037771
id05546,0.260887662583,0.668698554698,0.0704137827191
id16504,0.205890903309,0.668850247415,0.125258849276
id05782,0.0383477045589,0.0236947196203,0.937957575821
id20560,0.65461410165,0.201506471683,0.143879426667
id14171,0.211554161296,0.181843878587,0.606601960117
id27461,0.540604189136,0.117781390169,0.341614420695
id03581,0.291408929841,0.153294296583,0.555296773576
id21847,0.304946119266,0.128155064829,0.566898815905
id11712,0.588589341801,0.165674062088,0.245736596111
id26738,0.218913964392,0.140571150886,0.640514884721
id13668,0.905061083377,0.0708494890654,0.0240894275578
id15114,0.891164498217,0.0439753940646,0.0648601077183
id20130,0.348254691348,0.264650433342,0.38709487531
id18331,0.447034561699,0.0735646940802,0.479400744221
id24465,0.958374771189,0.0215787244334,0.0200465043779
id13539,0.585477116383,0.286439540947,0.12808334267
id27564,0.242777942022,0.452655191352,0.304566866626
id26043,0.117773124619,0.0910692343782,0.791157641002
id04965,0.00801008311413,0.0060783554236,0.985911561462
id08645,0.0551944514405,0.0631795510754,0.881625997484
id26610,0.483352773903,0.223602838737,0.293044387359
id21737,0.351626216004,0.435660072115,0.212713711881
id25784,0.0797865474146,0.811171009503,0.109042443082
id23030,0.526901303241,0.183400576525,0.289698120234
id16450,0.221251954615,0.647042573178,0.131705472206
id02161,0.490152086017,0.0727997819057,0.437048132078
id25535,0.699381278077,0.103809149258,0.196809572665
id16566,0.737000512839,0.0476834115766,0.215316075585
id05714,0.723655146777,0.0872114052237,0.189133447999
id16524,0.510697228642,0.358254628398,0.13104814296
id23941,0.151054496047,0.594037470751,0.254908033202
id00831,0.11457909134,0.133734970377,0.751685938283
id18145,0.573924895387,0.178098093746,0.247977010868
id17227,0.87182774482,0.0450423973755,0.0831298578041
id09417,0.648217122522,0.100252184316,0.251530693162
id21307,0.568754353388,0.249104844585,0.182140802028
id05650,0.198408592416,0.688874702425,0.112716705159
id23901,0.488581074286,0.268263857464,0.24315506825
id05831,0.890583649115,0.0160561829418,0.0933601679435
id16708,0.225963868249,0.563988691615,0.210047440136
id02281,0.208351807062,0.344902236854,0.446745956084
id11599,0.578214757488,0.141032577984,0.280752664528
id18353,0.314574516502,0.506811614532,0.178613868965
id07413,0.561145618258,0.274169942126,0.164684439616
id15653,0.118481929008,0.804288333116,0.0772297378761
id09715,0.080728220831,0.0187031026794,0.90056867649
id05108,0.220089092796,0.633315515797,0.146595391407
id09537,0.524448177841,0.268350671063,0.207201151096
id27596,0.780892405467,0.138295001639,0.0808125928943
id24255,0.183455056011,0.0240607131537,0.792484230836
id05080,0.0264064114425,0.0106937115823,0.962899876975
id09484,0.851927649649,0.0729790953125,0.0750932550383
id14864,0.148590723352,0.0686649246845,0.782744351964
id26836,0.510520765147,0.206775177795,0.282704057058
id07003,0.557999177618,0.274096010122,0.16790481226
id13750,0.0238136658534,0.956751648631,0.0194346855161
id21799,0.133228763715,0.403286484576,0.463484751708
id11285,0.985749074977,0.00584010925245,0.008410815771
id04735,0.70780652975,0.168474725896,0.123718744354
id23049,0.08289191364,0.162437915419,0.754670170941
id05826,0.358883357351,0.372858694771,0.268257947878
id17916,0.382097167515,0.446553830581,0.171349001904
id14081,0.421096333855,0.0452181443049,0.53368552184
id10527,0.242487039044,0.0737945983461,0.68371836261
id16059,0.328262308074,0.380113386183,0.291624305743
id25542,0.831066519034,0.136933659317,0.0319998216493
id05402,0.0262432129427,0.054677333431,0.919079453626
id01927,0.55885218393,0.0912952758185,0.349852540251
id27656,0.357715079338,0.116268235982,0.52601668468
id06708,0.324524819972,0.262284708468,0.41319047156
id03524,0.539128699087,0.292267485161,0.168603815752
id12297,0.579381964171,0.118071110833,0.302546924995
id03439,0.705298171475,0.155248471175,0.13945335735
id04587,0.0232760238648,0.926226459696,0.0504975164391
